/*--------------------------------*- C++ -*----------------------------------*\
  =========                 |
  \\      /  F ield         | OpenFOAM: The Open Source CFD Toolbox
   \\    /   O peration     | Website:  https://openfoam.org
    \\  /    A nd           | Version:  8
     \\/     M anipulation  |
\*---------------------------------------------------------------------------*/
FoamFile
{
    version     2.0;
    format      binary;
    class       faceSet;
    location    "constant/polyMesh/sets";
    object      f0;
}
// * * * * * * * * * * * * * * * * * * * * * * * * * * * * * * * * * * * * * //


720
(
639024 
639025 
639026 
639027 
639028 
639029 
639030 
639031 
639032 
639033 
639034 
639035 
639084 
639085 
639086 
639087 
639088 
639089 
639090 
639091 
639092 
639093 
639094 
639095 
639144 
639145 
639146 
639147 
639148 
639149 
639150 
639151 
639152 
639153 
639154 
639155 
639204 
639205 
639206 
639207 
639208 
639209 
639210 
639211 
639212 
639213 
639214 
639215 
639264 
639265 
639266 
639267 
639268 
639269 
639270 
639271 
639272 
639273 
639274 
639275 
639324 
639325 
639326 
639327 
639328 
639329 
639330 
639331 
639332 
639333 
639334 
639335 
639384 
639385 
639386 
639387 
639388 
639389 
639390 
639391 
639392 
639393 
639394 
639395 
639444 
639445 
639446 
639447 
639448 
639449 
639450 
639451 
639452 
639453 
639454 
639455 
639504 
639505 
639506 
639507 
639508 
639509 
639510 
639511 
639512 
639513 
639514 
639515 
639564 
639565 
639566 
639567 
639568 
639569 
639570 
639571 
639572 
639573 
639574 
639575 
639624 
639625 
639626 
639627 
639628 
639629 
639630 
639631 
639632 
639633 
639634 
639635 
639684 
639685 
639686 
639687 
639688 
639689 
639690 
639691 
639692 
639693 
639694 
639695 
639744 
639745 
639746 
639747 
639748 
639749 
639750 
639751 
639752 
639753 
639754 
639755 
639804 
639805 
639806 
639807 
639808 
639809 
639810 
639811 
639812 
639813 
639814 
639815 
639864 
639865 
639866 
639867 
639868 
639869 
639870 
639871 
639872 
639873 
639874 
639875 
639924 
639925 
639926 
639927 
639928 
639929 
639930 
639931 
639932 
639933 
639934 
639935 
639984 
639985 
639986 
639987 
639988 
639989 
639990 
639991 
639992 
639993 
639994 
639995 
640044 
640045 
640046 
640047 
640048 
640049 
640050 
640051 
640052 
640053 
640054 
640055 
640104 
640105 
640106 
640107 
640108 
640109 
640110 
640111 
640112 
640113 
640114 
640115 
640164 
640165 
640166 
640167 
640168 
640169 
640170 
640171 
640172 
640173 
640174 
640175 
640224 
640225 
640226 
640227 
640228 
640229 
640230 
640231 
640232 
640233 
640234 
640235 
640284 
640285 
640286 
640287 
640288 
640289 
640290 
640291 
640292 
640293 
640294 
640295 
640344 
640345 
640346 
640347 
640348 
640349 
640350 
640351 
640352 
640353 
640354 
640355 
640404 
640405 
640406 
640407 
640408 
640409 
640410 
640411 
640412 
640413 
640414 
640415 
640464 
640465 
640466 
640467 
640468 
640469 
640470 
640471 
640472 
640473 
640474 
640475 
640524 
640525 
640526 
640527 
640528 
640529 
640530 
640531 
640532 
640533 
640534 
640535 
640584 
640585 
640586 
640587 
640588 
640589 
640590 
640591 
640592 
640593 
640594 
640595 
640644 
640645 
640646 
640647 
640648 
640649 
640650 
640651 
640652 
640653 
640654 
640655 
640704 
640705 
640706 
640707 
640708 
640709 
640710 
640711 
640712 
640713 
640714 
640715 
640764 
640765 
640766 
640767 
640768 
640769 
640770 
640771 
640772 
640773 
640774 
640775 
637224 
637225 
637226 
637227 
637228 
637229 
637230 
637231 
637232 
637233 
637234 
637235 
637284 
637285 
637286 
637287 
637288 
637289 
637290 
637291 
637292 
637293 
637294 
637295 
637344 
637345 
637346 
637347 
637348 
637349 
637350 
637351 
637352 
637353 
637354 
637355 
637404 
637405 
637406 
637407 
637408 
637409 
637410 
637411 
637412 
637413 
637414 
637415 
637464 
637465 
637466 
637467 
637468 
637469 
637470 
637471 
637472 
637473 
637474 
637475 
637524 
637525 
637526 
637527 
637528 
637529 
637530 
637531 
637532 
637533 
637534 
637535 
637584 
637585 
637586 
637587 
637588 
637589 
637590 
637591 
637592 
637593 
637594 
637595 
637644 
637645 
637646 
637647 
637648 
637649 
637650 
637651 
637652 
637653 
637654 
637655 
637704 
637705 
637706 
637707 
637708 
637709 
637710 
637711 
637712 
637713 
637714 
637715 
637764 
637765 
637766 
637767 
637768 
637769 
637770 
637771 
637772 
637773 
637774 
637775 
637824 
637825 
637826 
637827 
637828 
637829 
637830 
637831 
637832 
637833 
637834 
637835 
637884 
637885 
637886 
637887 
637888 
637889 
637890 
637891 
637892 
637893 
637894 
637895 
637944 
637945 
637946 
637947 
637948 
637949 
637950 
637951 
637952 
637953 
637954 
637955 
638004 
638005 
638006 
638007 
638008 
638009 
638010 
638011 
638012 
638013 
638014 
638015 
638064 
638065 
638066 
638067 
638068 
638069 
638070 
638071 
638072 
638073 
638074 
638075 
638124 
638125 
638126 
638127 
638128 
638129 
638130 
638131 
638132 
638133 
638134 
638135 
638184 
638185 
638186 
638187 
638188 
638189 
638190 
638191 
638192 
638193 
638194 
638195 
638244 
638245 
638246 
638247 
638248 
638249 
638250 
638251 
638252 
638253 
638254 
638255 
638304 
638305 
638306 
638307 
638308 
638309 
638310 
638311 
638312 
638313 
638314 
638315 
638364 
638365 
638366 
638367 
638368 
638369 
638370 
638371 
638372 
638373 
638374 
638375 
638424 
638425 
638426 
638427 
638428 
638429 
638430 
638431 
638432 
638433 
638434 
638435 
638484 
638485 
638486 
638487 
638488 
638489 
638490 
638491 
638492 
638493 
638494 
638495 
638544 
638545 
638546 
638547 
638548 
638549 
638550 
638551 
638552 
638553 
638554 
638555 
638604 
638605 
638606 
638607 
638608 
638609 
638610 
638611 
638612 
638613 
638614 
638615 
638664 
638665 
638666 
638667 
638668 
638669 
638670 
638671 
638672 
638673 
638674 
638675 
638724 
638725 
638726 
638727 
638728 
638729 
638730 
638731 
638732 
638733 
638734 
638735 
638784 
638785 
638786 
638787 
638788 
638789 
638790 
638791 
638792 
638793 
638794 
638795 
638844 
638845 
638846 
638847 
638848 
638849 
638850 
638851 
638852 
638853 
638854 
638855 
638904 
638905 
638906 
638907 
638908 
638909 
638910 
638911 
638912 
638913 
638914 
638915 
638964 
638965 
638966 
638967 
638968 
638969 
638970 
638971 
638972 
638973 
638974 
638975 
)

// ************************************************************************* //
