/*--------------------------------*- C++ -*----------------------------------*\
  =========                 |
  \\      /  F ield         | OpenFOAM: The Open Source CFD Toolbox
   \\    /   O peration     | Website:  https://openfoam.org
    \\  /    A nd           | Version:  8
     \\/     M anipulation  |
\*---------------------------------------------------------------------------*/
FoamFile
{
    version     2.0;
    format      binary;
    class       faceSet;
    location    "constant/polyMesh/sets";
    object      f1;
}
// * * * * * * * * * * * * * * * * * * * * * * * * * * * * * * * * * * * * * //


3600
(
638976 
638977 
638978 
638979 
638980 
638981 
638982 
638983 
638984 
638985 
638986 
638987 
638988 
638989 
638990 
638991 
638992 
638993 
638994 
638995 
638996 
638997 
638998 
638999 
639000 
639001 
639002 
639003 
639004 
639005 
639006 
639007 
639008 
639009 
639010 
639011 
639012 
639013 
639014 
639015 
639016 
639017 
639018 
639019 
639020 
639021 
639022 
639023 
639024 
639025 
639026 
639027 
639028 
639029 
639030 
639031 
639032 
639033 
639034 
639035 
639036 
639037 
639038 
639039 
639040 
639041 
639042 
639043 
639044 
639045 
639046 
639047 
639048 
639049 
639050 
639051 
639052 
639053 
639054 
639055 
639056 
639057 
639058 
639059 
639060 
639061 
639062 
639063 
639064 
639065 
639066 
639067 
639068 
639069 
639070 
639071 
639072 
639073 
639074 
639075 
639076 
639077 
639078 
639079 
639080 
639081 
639082 
639083 
639084 
639085 
639086 
639087 
639088 
639089 
639090 
639091 
639092 
639093 
639094 
639095 
639096 
639097 
639098 
639099 
639100 
639101 
639102 
639103 
639104 
639105 
639106 
639107 
639108 
639109 
639110 
639111 
639112 
639113 
639114 
639115 
639116 
639117 
639118 
639119 
639120 
639121 
639122 
639123 
639124 
639125 
639126 
639127 
639128 
639129 
639130 
639131 
639132 
639133 
639134 
639135 
639136 
639137 
639138 
639139 
639140 
639141 
639142 
639143 
639144 
639145 
639146 
639147 
639148 
639149 
639150 
639151 
639152 
639153 
639154 
639155 
639156 
639157 
639158 
639159 
639160 
639161 
639162 
639163 
639164 
639165 
639166 
639167 
639168 
639169 
639170 
639171 
639172 
639173 
639174 
639175 
639176 
639177 
639178 
639179 
639180 
639181 
639182 
639183 
639184 
639185 
639186 
639187 
639188 
639189 
639190 
639191 
639192 
639193 
639194 
639195 
639196 
639197 
639198 
639199 
639200 
639201 
639202 
639203 
639204 
639205 
639206 
639207 
639208 
639209 
639210 
639211 
639212 
639213 
639214 
639215 
639216 
639217 
639218 
639219 
639220 
639221 
639222 
639223 
639224 
639225 
639226 
639227 
639228 
639229 
639230 
639231 
639232 
639233 
639234 
639235 
639236 
639237 
639238 
639239 
639240 
639241 
639242 
639243 
639244 
639245 
639246 
639247 
639248 
639249 
639250 
639251 
639252 
639253 
639254 
639255 
639256 
639257 
639258 
639259 
639260 
639261 
639262 
639263 
639264 
639265 
639266 
639267 
639268 
639269 
639270 
639271 
639272 
639273 
639274 
639275 
639276 
639277 
639278 
639279 
639280 
639281 
639282 
639283 
639284 
639285 
639286 
639287 
639288 
639289 
639290 
639291 
639292 
639293 
639294 
639295 
639296 
639297 
639298 
639299 
639300 
639301 
639302 
639303 
639304 
639305 
639306 
639307 
639308 
639309 
639310 
639311 
639312 
639313 
639314 
639315 
639316 
639317 
639318 
639319 
639320 
639321 
639322 
639323 
639324 
639325 
639326 
639327 
639328 
639329 
639330 
639331 
639332 
639333 
639334 
639335 
639336 
639337 
639338 
639339 
639340 
639341 
639342 
639343 
639344 
639345 
639346 
639347 
639348 
639349 
639350 
639351 
639352 
639353 
639354 
639355 
639356 
639357 
639358 
639359 
639360 
639361 
639362 
639363 
639364 
639365 
639366 
639367 
639368 
639369 
639370 
639371 
639372 
639373 
639374 
639375 
639376 
639377 
639378 
639379 
639380 
639381 
639382 
639383 
639384 
639385 
639386 
639387 
639388 
639389 
639390 
639391 
639392 
639393 
639394 
639395 
639396 
639397 
639398 
639399 
639400 
639401 
639402 
639403 
639404 
639405 
639406 
639407 
639408 
639409 
639410 
639411 
639412 
639413 
639414 
639415 
639416 
639417 
639418 
639419 
639420 
639421 
639422 
639423 
639424 
639425 
639426 
639427 
639428 
639429 
639430 
639431 
639432 
639433 
639434 
639435 
639436 
639437 
639438 
639439 
639440 
639441 
639442 
639443 
639444 
639445 
639446 
639447 
639448 
639449 
639450 
639451 
639452 
639453 
639454 
639455 
639456 
639457 
639458 
639459 
639460 
639461 
639462 
639463 
639464 
639465 
639466 
639467 
639468 
639469 
639470 
639471 
639472 
639473 
639474 
639475 
639476 
639477 
639478 
639479 
639480 
639481 
639482 
639483 
639484 
639485 
639486 
639487 
639488 
639489 
639490 
639491 
639492 
639493 
639494 
639495 
639496 
639497 
639498 
639499 
639500 
639501 
639502 
639503 
639504 
639505 
639506 
639507 
639508 
639509 
639510 
639511 
639512 
639513 
639514 
639515 
639516 
639517 
639518 
639519 
639520 
639521 
639522 
639523 
639524 
639525 
639526 
639527 
639528 
639529 
639530 
639531 
639532 
639533 
639534 
639535 
639536 
639537 
639538 
639539 
639540 
639541 
639542 
639543 
639544 
639545 
639546 
639547 
639548 
639549 
639550 
639551 
639552 
639553 
639554 
639555 
639556 
639557 
639558 
639559 
639560 
639561 
639562 
639563 
639564 
639565 
639566 
639567 
639568 
639569 
639570 
639571 
639572 
639573 
639574 
639575 
639576 
639577 
639578 
639579 
639580 
639581 
639582 
639583 
639584 
639585 
639586 
639587 
639588 
639589 
639590 
639591 
639592 
639593 
639594 
639595 
639596 
639597 
639598 
639599 
639600 
639601 
639602 
639603 
639604 
639605 
639606 
639607 
639608 
639609 
639610 
639611 
639612 
639613 
639614 
639615 
639616 
639617 
639618 
639619 
639620 
639621 
639622 
639623 
639624 
639625 
639626 
639627 
639628 
639629 
639630 
639631 
639632 
639633 
639634 
639635 
639636 
639637 
639638 
639639 
639640 
639641 
639642 
639643 
639644 
639645 
639646 
639647 
639648 
639649 
639650 
639651 
639652 
639653 
639654 
639655 
639656 
639657 
639658 
639659 
639660 
639661 
639662 
639663 
639664 
639665 
639666 
639667 
639668 
639669 
639670 
639671 
639672 
639673 
639674 
639675 
639676 
639677 
639678 
639679 
639680 
639681 
639682 
639683 
639684 
639685 
639686 
639687 
639688 
639689 
639690 
639691 
639692 
639693 
639694 
639695 
639696 
639697 
639698 
639699 
639700 
639701 
639702 
639703 
639704 
639705 
639706 
639707 
639708 
639709 
639710 
639711 
639712 
639713 
639714 
639715 
639716 
639717 
639718 
639719 
639720 
639721 
639722 
639723 
639724 
639725 
639726 
639727 
639728 
639729 
639730 
639731 
639732 
639733 
639734 
639735 
639736 
639737 
639738 
639739 
639740 
639741 
639742 
639743 
639744 
639745 
639746 
639747 
639748 
639749 
639750 
639751 
639752 
639753 
639754 
639755 
639756 
639757 
639758 
639759 
639760 
639761 
639762 
639763 
639764 
639765 
639766 
639767 
639768 
639769 
639770 
639771 
639772 
639773 
639774 
639775 
639776 
639777 
639778 
639779 
639780 
639781 
639782 
639783 
639784 
639785 
639786 
639787 
639788 
639789 
639790 
639791 
639792 
639793 
639794 
639795 
639796 
639797 
639798 
639799 
639800 
639801 
639802 
639803 
639804 
639805 
639806 
639807 
639808 
639809 
639810 
639811 
639812 
639813 
639814 
639815 
639816 
639817 
639818 
639819 
639820 
639821 
639822 
639823 
639824 
639825 
639826 
639827 
639828 
639829 
639830 
639831 
639832 
639833 
639834 
639835 
639836 
639837 
639838 
639839 
639840 
639841 
639842 
639843 
639844 
639845 
639846 
639847 
639848 
639849 
639850 
639851 
639852 
639853 
639854 
639855 
639856 
639857 
639858 
639859 
639860 
639861 
639862 
639863 
639864 
639865 
639866 
639867 
639868 
639869 
639870 
639871 
639872 
639873 
639874 
639875 
639876 
639877 
639878 
639879 
639880 
639881 
639882 
639883 
639884 
639885 
639886 
639887 
639888 
639889 
639890 
639891 
639892 
639893 
639894 
639895 
639896 
639897 
639898 
639899 
639900 
639901 
639902 
639903 
639904 
639905 
639906 
639907 
639908 
639909 
639910 
639911 
639912 
639913 
639914 
639915 
639916 
639917 
639918 
639919 
639920 
639921 
639922 
639923 
639924 
639925 
639926 
639927 
639928 
639929 
639930 
639931 
639932 
639933 
639934 
639935 
639936 
639937 
639938 
639939 
639940 
639941 
639942 
639943 
639944 
639945 
639946 
639947 
639948 
639949 
639950 
639951 
639952 
639953 
639954 
639955 
639956 
639957 
639958 
639959 
639960 
639961 
639962 
639963 
639964 
639965 
639966 
639967 
639968 
639969 
639970 
639971 
639972 
639973 
639974 
639975 
639976 
639977 
639978 
639979 
639980 
639981 
639982 
639983 
639984 
639985 
639986 
639987 
639988 
639989 
639990 
639991 
639992 
639993 
639994 
639995 
639996 
639997 
639998 
639999 
640000 
640001 
640002 
640003 
640004 
640005 
640006 
640007 
640008 
640009 
640010 
640011 
640012 
640013 
640014 
640015 
640016 
640017 
640018 
640019 
640020 
640021 
640022 
640023 
640024 
640025 
640026 
640027 
640028 
640029 
640030 
640031 
640032 
640033 
640034 
640035 
640036 
640037 
640038 
640039 
640040 
640041 
640042 
640043 
640044 
640045 
640046 
640047 
640048 
640049 
640050 
640051 
640052 
640053 
640054 
640055 
640056 
640057 
640058 
640059 
640060 
640061 
640062 
640063 
640064 
640065 
640066 
640067 
640068 
640069 
640070 
640071 
640072 
640073 
640074 
640075 
640076 
640077 
640078 
640079 
640080 
640081 
640082 
640083 
640084 
640085 
640086 
640087 
640088 
640089 
640090 
640091 
640092 
640093 
640094 
640095 
640096 
640097 
640098 
640099 
640100 
640101 
640102 
640103 
640104 
640105 
640106 
640107 
640108 
640109 
640110 
640111 
640112 
640113 
640114 
640115 
640116 
640117 
640118 
640119 
640120 
640121 
640122 
640123 
640124 
640125 
640126 
640127 
640128 
640129 
640130 
640131 
640132 
640133 
640134 
640135 
640136 
640137 
640138 
640139 
640140 
640141 
640142 
640143 
640144 
640145 
640146 
640147 
640148 
640149 
640150 
640151 
640152 
640153 
640154 
640155 
640156 
640157 
640158 
640159 
640160 
640161 
640162 
640163 
640164 
640165 
640166 
640167 
640168 
640169 
640170 
640171 
640172 
640173 
640174 
640175 
640176 
640177 
640178 
640179 
640180 
640181 
640182 
640183 
640184 
640185 
640186 
640187 
640188 
640189 
640190 
640191 
640192 
640193 
640194 
640195 
640196 
640197 
640198 
640199 
640200 
640201 
640202 
640203 
640204 
640205 
640206 
640207 
640208 
640209 
640210 
640211 
640212 
640213 
640214 
640215 
640216 
640217 
640218 
640219 
640220 
640221 
640222 
640223 
640224 
640225 
640226 
640227 
640228 
640229 
640230 
640231 
640232 
640233 
640234 
640235 
640236 
640237 
640238 
640239 
640240 
640241 
640242 
640243 
640244 
640245 
640246 
640247 
640248 
640249 
640250 
640251 
640252 
640253 
640254 
640255 
640256 
640257 
640258 
640259 
640260 
640261 
640262 
640263 
640264 
640265 
640266 
640267 
640268 
640269 
640270 
640271 
640272 
640273 
640274 
640275 
640276 
640277 
640278 
640279 
640280 
640281 
640282 
640283 
640284 
640285 
640286 
640287 
640288 
640289 
640290 
640291 
640292 
640293 
640294 
640295 
640296 
640297 
640298 
640299 
640300 
640301 
640302 
640303 
640304 
640305 
640306 
640307 
640308 
640309 
640310 
640311 
640312 
640313 
640314 
640315 
640316 
640317 
640318 
640319 
640320 
640321 
640322 
640323 
640324 
640325 
640326 
640327 
640328 
640329 
640330 
640331 
640332 
640333 
640334 
640335 
640336 
640337 
640338 
640339 
640340 
640341 
640342 
640343 
640344 
640345 
640346 
640347 
640348 
640349 
640350 
640351 
640352 
640353 
640354 
640355 
640356 
640357 
640358 
640359 
640360 
640361 
640362 
640363 
640364 
640365 
640366 
640367 
640368 
640369 
640370 
640371 
640372 
640373 
640374 
640375 
640376 
640377 
640378 
640379 
640380 
640381 
640382 
640383 
640384 
640385 
640386 
640387 
640388 
640389 
640390 
640391 
640392 
640393 
640394 
640395 
640396 
640397 
640398 
640399 
640400 
640401 
640402 
640403 
640404 
640405 
640406 
640407 
640408 
640409 
640410 
640411 
640412 
640413 
640414 
640415 
640416 
640417 
640418 
640419 
640420 
640421 
640422 
640423 
640424 
640425 
640426 
640427 
640428 
640429 
640430 
640431 
640432 
640433 
640434 
640435 
640436 
640437 
640438 
640439 
640440 
640441 
640442 
640443 
640444 
640445 
640446 
640447 
640448 
640449 
640450 
640451 
640452 
640453 
640454 
640455 
640456 
640457 
640458 
640459 
640460 
640461 
640462 
640463 
640464 
640465 
640466 
640467 
640468 
640469 
640470 
640471 
640472 
640473 
640474 
640475 
640476 
640477 
640478 
640479 
640480 
640481 
640482 
640483 
640484 
640485 
640486 
640487 
640488 
640489 
640490 
640491 
640492 
640493 
640494 
640495 
640496 
640497 
640498 
640499 
640500 
640501 
640502 
640503 
640504 
640505 
640506 
640507 
640508 
640509 
640510 
640511 
640512 
640513 
640514 
640515 
640516 
640517 
640518 
640519 
640520 
640521 
640522 
640523 
640524 
640525 
640526 
640527 
640528 
640529 
640530 
640531 
640532 
640533 
640534 
640535 
640536 
640537 
640538 
640539 
640540 
640541 
640542 
640543 
640544 
640545 
640546 
640547 
640548 
640549 
640550 
640551 
640552 
640553 
640554 
640555 
640556 
640557 
640558 
640559 
640560 
640561 
640562 
640563 
640564 
640565 
640566 
640567 
640568 
640569 
640570 
640571 
640572 
640573 
640574 
640575 
640576 
640577 
640578 
640579 
640580 
640581 
640582 
640583 
640584 
640585 
640586 
640587 
640588 
640589 
640590 
640591 
640592 
640593 
640594 
640595 
640596 
640597 
640598 
640599 
640600 
640601 
640602 
640603 
640604 
640605 
640606 
640607 
640608 
640609 
640610 
640611 
640612 
640613 
640614 
640615 
640616 
640617 
640618 
640619 
640620 
640621 
640622 
640623 
640624 
640625 
640626 
640627 
640628 
640629 
640630 
640631 
640632 
640633 
640634 
640635 
640636 
640637 
640638 
640639 
640640 
640641 
640642 
640643 
640644 
640645 
640646 
640647 
640648 
640649 
640650 
640651 
640652 
640653 
640654 
640655 
640656 
640657 
640658 
640659 
640660 
640661 
640662 
640663 
640664 
640665 
640666 
640667 
640668 
640669 
640670 
640671 
640672 
640673 
640674 
640675 
640676 
640677 
640678 
640679 
640680 
640681 
640682 
640683 
640684 
640685 
640686 
640687 
640688 
640689 
640690 
640691 
640692 
640693 
640694 
640695 
640696 
640697 
640698 
640699 
640700 
640701 
640702 
640703 
640704 
640705 
640706 
640707 
640708 
640709 
640710 
640711 
640712 
640713 
640714 
640715 
640716 
640717 
640718 
640719 
640720 
640721 
640722 
640723 
640724 
640725 
640726 
640727 
640728 
640729 
640730 
640731 
640732 
640733 
640734 
640735 
640736 
640737 
640738 
640739 
640740 
640741 
640742 
640743 
640744 
640745 
640746 
640747 
640748 
640749 
640750 
640751 
640752 
640753 
640754 
640755 
640756 
640757 
640758 
640759 
640760 
640761 
640762 
640763 
640764 
640765 
640766 
640767 
640768 
640769 
640770 
640771 
640772 
640773 
640774 
640775 
640776 
640777 
640778 
640779 
640780 
640781 
640782 
640783 
640784 
640785 
640786 
640787 
640788 
640789 
640790 
640791 
640792 
640793 
640794 
640795 
640796 
640797 
640798 
640799 
637200 
637201 
637202 
637203 
637204 
637205 
637206 
637207 
637208 
637209 
637210 
637211 
637212 
637213 
637214 
637215 
637216 
637217 
637218 
637219 
637220 
637221 
637222 
637223 
637224 
637225 
637226 
637227 
637228 
637229 
637230 
637231 
637232 
637233 
637234 
637235 
637236 
637237 
637238 
637239 
637240 
637241 
637242 
637243 
637244 
637245 
637246 
637247 
637248 
637249 
637250 
637251 
637252 
637253 
637254 
637255 
637256 
637257 
637258 
637259 
637260 
637261 
637262 
637263 
637264 
637265 
637266 
637267 
637268 
637269 
637270 
637271 
637272 
637273 
637274 
637275 
637276 
637277 
637278 
637279 
637280 
637281 
637282 
637283 
637284 
637285 
637286 
637287 
637288 
637289 
637290 
637291 
637292 
637293 
637294 
637295 
637296 
637297 
637298 
637299 
637300 
637301 
637302 
637303 
637304 
637305 
637306 
637307 
637308 
637309 
637310 
637311 
637312 
637313 
637314 
637315 
637316 
637317 
637318 
637319 
637320 
637321 
637322 
637323 
637324 
637325 
637326 
637327 
637328 
637329 
637330 
637331 
637332 
637333 
637334 
637335 
637336 
637337 
637338 
637339 
637340 
637341 
637342 
637343 
637344 
637345 
637346 
637347 
637348 
637349 
637350 
637351 
637352 
637353 
637354 
637355 
637356 
637357 
637358 
637359 
637360 
637361 
637362 
637363 
637364 
637365 
637366 
637367 
637368 
637369 
637370 
637371 
637372 
637373 
637374 
637375 
637376 
637377 
637378 
637379 
637380 
637381 
637382 
637383 
637384 
637385 
637386 
637387 
637388 
637389 
637390 
637391 
637392 
637393 
637394 
637395 
637396 
637397 
637398 
637399 
637400 
637401 
637402 
637403 
637404 
637405 
637406 
637407 
637408 
637409 
637410 
637411 
637412 
637413 
637414 
637415 
637416 
637417 
637418 
637419 
637420 
637421 
637422 
637423 
637424 
637425 
637426 
637427 
637428 
637429 
637430 
637431 
637432 
637433 
637434 
637435 
637436 
637437 
637438 
637439 
637440 
637441 
637442 
637443 
637444 
637445 
637446 
637447 
637448 
637449 
637450 
637451 
637452 
637453 
637454 
637455 
637456 
637457 
637458 
637459 
637460 
637461 
637462 
637463 
637464 
637465 
637466 
637467 
637468 
637469 
637470 
637471 
637472 
637473 
637474 
637475 
637476 
637477 
637478 
637479 
637480 
637481 
637482 
637483 
637484 
637485 
637486 
637487 
637488 
637489 
637490 
637491 
637492 
637493 
637494 
637495 
637496 
637497 
637498 
637499 
637500 
637501 
637502 
637503 
637504 
637505 
637506 
637507 
637508 
637509 
637510 
637511 
637512 
637513 
637514 
637515 
637516 
637517 
637518 
637519 
637520 
637521 
637522 
637523 
637524 
637525 
637526 
637527 
637528 
637529 
637530 
637531 
637532 
637533 
637534 
637535 
637536 
637537 
637538 
637539 
637540 
637541 
637542 
637543 
637544 
637545 
637546 
637547 
637548 
637549 
637550 
637551 
637552 
637553 
637554 
637555 
637556 
637557 
637558 
637559 
637560 
637561 
637562 
637563 
637564 
637565 
637566 
637567 
637568 
637569 
637570 
637571 
637572 
637573 
637574 
637575 
637576 
637577 
637578 
637579 
637580 
637581 
637582 
637583 
637584 
637585 
637586 
637587 
637588 
637589 
637590 
637591 
637592 
637593 
637594 
637595 
637596 
637597 
637598 
637599 
637600 
637601 
637602 
637603 
637604 
637605 
637606 
637607 
637608 
637609 
637610 
637611 
637612 
637613 
637614 
637615 
637616 
637617 
637618 
637619 
637620 
637621 
637622 
637623 
637624 
637625 
637626 
637627 
637628 
637629 
637630 
637631 
637632 
637633 
637634 
637635 
637636 
637637 
637638 
637639 
637640 
637641 
637642 
637643 
637644 
637645 
637646 
637647 
637648 
637649 
637650 
637651 
637652 
637653 
637654 
637655 
637656 
637657 
637658 
637659 
637660 
637661 
637662 
637663 
637664 
637665 
637666 
637667 
637668 
637669 
637670 
637671 
637672 
637673 
637674 
637675 
637676 
637677 
637678 
637679 
637680 
637681 
637682 
637683 
637684 
637685 
637686 
637687 
637688 
637689 
637690 
637691 
637692 
637693 
637694 
637695 
637696 
637697 
637698 
637699 
637700 
637701 
637702 
637703 
637704 
637705 
637706 
637707 
637708 
637709 
637710 
637711 
637712 
637713 
637714 
637715 
637716 
637717 
637718 
637719 
637720 
637721 
637722 
637723 
637724 
637725 
637726 
637727 
637728 
637729 
637730 
637731 
637732 
637733 
637734 
637735 
637736 
637737 
637738 
637739 
637740 
637741 
637742 
637743 
637744 
637745 
637746 
637747 
637748 
637749 
637750 
637751 
637752 
637753 
637754 
637755 
637756 
637757 
637758 
637759 
637760 
637761 
637762 
637763 
637764 
637765 
637766 
637767 
637768 
637769 
637770 
637771 
637772 
637773 
637774 
637775 
637776 
637777 
637778 
637779 
637780 
637781 
637782 
637783 
637784 
637785 
637786 
637787 
637788 
637789 
637790 
637791 
637792 
637793 
637794 
637795 
637796 
637797 
637798 
637799 
637800 
637801 
637802 
637803 
637804 
637805 
637806 
637807 
637808 
637809 
637810 
637811 
637812 
637813 
637814 
637815 
637816 
637817 
637818 
637819 
637820 
637821 
637822 
637823 
637824 
637825 
637826 
637827 
637828 
637829 
637830 
637831 
637832 
637833 
637834 
637835 
637836 
637837 
637838 
637839 
637840 
637841 
637842 
637843 
637844 
637845 
637846 
637847 
637848 
637849 
637850 
637851 
637852 
637853 
637854 
637855 
637856 
637857 
637858 
637859 
637860 
637861 
637862 
637863 
637864 
637865 
637866 
637867 
637868 
637869 
637870 
637871 
637872 
637873 
637874 
637875 
637876 
637877 
637878 
637879 
637880 
637881 
637882 
637883 
637884 
637885 
637886 
637887 
637888 
637889 
637890 
637891 
637892 
637893 
637894 
637895 
637896 
637897 
637898 
637899 
637900 
637901 
637902 
637903 
637904 
637905 
637906 
637907 
637908 
637909 
637910 
637911 
637912 
637913 
637914 
637915 
637916 
637917 
637918 
637919 
637920 
637921 
637922 
637923 
637924 
637925 
637926 
637927 
637928 
637929 
637930 
637931 
637932 
637933 
637934 
637935 
637936 
637937 
637938 
637939 
637940 
637941 
637942 
637943 
637944 
637945 
637946 
637947 
637948 
637949 
637950 
637951 
637952 
637953 
637954 
637955 
637956 
637957 
637958 
637959 
637960 
637961 
637962 
637963 
637964 
637965 
637966 
637967 
637968 
637969 
637970 
637971 
637972 
637973 
637974 
637975 
637976 
637977 
637978 
637979 
637980 
637981 
637982 
637983 
637984 
637985 
637986 
637987 
637988 
637989 
637990 
637991 
637992 
637993 
637994 
637995 
637996 
637997 
637998 
637999 
638000 
638001 
638002 
638003 
638004 
638005 
638006 
638007 
638008 
638009 
638010 
638011 
638012 
638013 
638014 
638015 
638016 
638017 
638018 
638019 
638020 
638021 
638022 
638023 
638024 
638025 
638026 
638027 
638028 
638029 
638030 
638031 
638032 
638033 
638034 
638035 
638036 
638037 
638038 
638039 
638040 
638041 
638042 
638043 
638044 
638045 
638046 
638047 
638048 
638049 
638050 
638051 
638052 
638053 
638054 
638055 
638056 
638057 
638058 
638059 
638060 
638061 
638062 
638063 
638064 
638065 
638066 
638067 
638068 
638069 
638070 
638071 
638072 
638073 
638074 
638075 
638076 
638077 
638078 
638079 
638080 
638081 
638082 
638083 
638084 
638085 
638086 
638087 
638088 
638089 
638090 
638091 
638092 
638093 
638094 
638095 
638096 
638097 
638098 
638099 
638100 
638101 
638102 
638103 
638104 
638105 
638106 
638107 
638108 
638109 
638110 
638111 
638112 
638113 
638114 
638115 
638116 
638117 
638118 
638119 
638120 
638121 
638122 
638123 
638124 
638125 
638126 
638127 
638128 
638129 
638130 
638131 
638132 
638133 
638134 
638135 
638136 
638137 
638138 
638139 
638140 
638141 
638142 
638143 
638144 
638145 
638146 
638147 
638148 
638149 
638150 
638151 
638152 
638153 
638154 
638155 
638156 
638157 
638158 
638159 
638160 
638161 
638162 
638163 
638164 
638165 
638166 
638167 
638168 
638169 
638170 
638171 
638172 
638173 
638174 
638175 
638176 
638177 
638178 
638179 
638180 
638181 
638182 
638183 
638184 
638185 
638186 
638187 
638188 
638189 
638190 
638191 
638192 
638193 
638194 
638195 
638196 
638197 
638198 
638199 
638200 
638201 
638202 
638203 
638204 
638205 
638206 
638207 
638208 
638209 
638210 
638211 
638212 
638213 
638214 
638215 
638216 
638217 
638218 
638219 
638220 
638221 
638222 
638223 
638224 
638225 
638226 
638227 
638228 
638229 
638230 
638231 
638232 
638233 
638234 
638235 
638236 
638237 
638238 
638239 
638240 
638241 
638242 
638243 
638244 
638245 
638246 
638247 
638248 
638249 
638250 
638251 
638252 
638253 
638254 
638255 
638256 
638257 
638258 
638259 
638260 
638261 
638262 
638263 
638264 
638265 
638266 
638267 
638268 
638269 
638270 
638271 
638272 
638273 
638274 
638275 
638276 
638277 
638278 
638279 
638280 
638281 
638282 
638283 
638284 
638285 
638286 
638287 
638288 
638289 
638290 
638291 
638292 
638293 
638294 
638295 
638296 
638297 
638298 
638299 
638300 
638301 
638302 
638303 
638304 
638305 
638306 
638307 
638308 
638309 
638310 
638311 
638312 
638313 
638314 
638315 
638316 
638317 
638318 
638319 
638320 
638321 
638322 
638323 
638324 
638325 
638326 
638327 
638328 
638329 
638330 
638331 
638332 
638333 
638334 
638335 
638336 
638337 
638338 
638339 
638340 
638341 
638342 
638343 
638344 
638345 
638346 
638347 
638348 
638349 
638350 
638351 
638352 
638353 
638354 
638355 
638356 
638357 
638358 
638359 
638360 
638361 
638362 
638363 
638364 
638365 
638366 
638367 
638368 
638369 
638370 
638371 
638372 
638373 
638374 
638375 
638376 
638377 
638378 
638379 
638380 
638381 
638382 
638383 
638384 
638385 
638386 
638387 
638388 
638389 
638390 
638391 
638392 
638393 
638394 
638395 
638396 
638397 
638398 
638399 
638400 
638401 
638402 
638403 
638404 
638405 
638406 
638407 
638408 
638409 
638410 
638411 
638412 
638413 
638414 
638415 
638416 
638417 
638418 
638419 
638420 
638421 
638422 
638423 
638424 
638425 
638426 
638427 
638428 
638429 
638430 
638431 
638432 
638433 
638434 
638435 
638436 
638437 
638438 
638439 
638440 
638441 
638442 
638443 
638444 
638445 
638446 
638447 
638448 
638449 
638450 
638451 
638452 
638453 
638454 
638455 
638456 
638457 
638458 
638459 
638460 
638461 
638462 
638463 
638464 
638465 
638466 
638467 
638468 
638469 
638470 
638471 
638472 
638473 
638474 
638475 
638476 
638477 
638478 
638479 
638480 
638481 
638482 
638483 
638484 
638485 
638486 
638487 
638488 
638489 
638490 
638491 
638492 
638493 
638494 
638495 
638496 
638497 
638498 
638499 
638500 
638501 
638502 
638503 
638504 
638505 
638506 
638507 
638508 
638509 
638510 
638511 
638512 
638513 
638514 
638515 
638516 
638517 
638518 
638519 
638520 
638521 
638522 
638523 
638524 
638525 
638526 
638527 
638528 
638529 
638530 
638531 
638532 
638533 
638534 
638535 
638536 
638537 
638538 
638539 
638540 
638541 
638542 
638543 
638544 
638545 
638546 
638547 
638548 
638549 
638550 
638551 
638552 
638553 
638554 
638555 
638556 
638557 
638558 
638559 
638560 
638561 
638562 
638563 
638564 
638565 
638566 
638567 
638568 
638569 
638570 
638571 
638572 
638573 
638574 
638575 
638576 
638577 
638578 
638579 
638580 
638581 
638582 
638583 
638584 
638585 
638586 
638587 
638588 
638589 
638590 
638591 
638592 
638593 
638594 
638595 
638596 
638597 
638598 
638599 
638600 
638601 
638602 
638603 
638604 
638605 
638606 
638607 
638608 
638609 
638610 
638611 
638612 
638613 
638614 
638615 
638616 
638617 
638618 
638619 
638620 
638621 
638622 
638623 
638624 
638625 
638626 
638627 
638628 
638629 
638630 
638631 
638632 
638633 
638634 
638635 
638636 
638637 
638638 
638639 
638640 
638641 
638642 
638643 
638644 
638645 
638646 
638647 
638648 
638649 
638650 
638651 
638652 
638653 
638654 
638655 
638656 
638657 
638658 
638659 
638660 
638661 
638662 
638663 
638664 
638665 
638666 
638667 
638668 
638669 
638670 
638671 
638672 
638673 
638674 
638675 
638676 
638677 
638678 
638679 
638680 
638681 
638682 
638683 
638684 
638685 
638686 
638687 
638688 
638689 
638690 
638691 
638692 
638693 
638694 
638695 
638696 
638697 
638698 
638699 
638700 
638701 
638702 
638703 
638704 
638705 
638706 
638707 
638708 
638709 
638710 
638711 
638712 
638713 
638714 
638715 
638716 
638717 
638718 
638719 
638720 
638721 
638722 
638723 
638724 
638725 
638726 
638727 
638728 
638729 
638730 
638731 
638732 
638733 
638734 
638735 
638736 
638737 
638738 
638739 
638740 
638741 
638742 
638743 
638744 
638745 
638746 
638747 
638748 
638749 
638750 
638751 
638752 
638753 
638754 
638755 
638756 
638757 
638758 
638759 
638760 
638761 
638762 
638763 
638764 
638765 
638766 
638767 
638768 
638769 
638770 
638771 
638772 
638773 
638774 
638775 
638776 
638777 
638778 
638779 
638780 
638781 
638782 
638783 
638784 
638785 
638786 
638787 
638788 
638789 
638790 
638791 
638792 
638793 
638794 
638795 
638796 
638797 
638798 
638799 
638800 
638801 
638802 
638803 
638804 
638805 
638806 
638807 
638808 
638809 
638810 
638811 
638812 
638813 
638814 
638815 
638816 
638817 
638818 
638819 
638820 
638821 
638822 
638823 
638824 
638825 
638826 
638827 
638828 
638829 
638830 
638831 
638832 
638833 
638834 
638835 
638836 
638837 
638838 
638839 
638840 
638841 
638842 
638843 
638844 
638845 
638846 
638847 
638848 
638849 
638850 
638851 
638852 
638853 
638854 
638855 
638856 
638857 
638858 
638859 
638860 
638861 
638862 
638863 
638864 
638865 
638866 
638867 
638868 
638869 
638870 
638871 
638872 
638873 
638874 
638875 
638876 
638877 
638878 
638879 
638880 
638881 
638882 
638883 
638884 
638885 
638886 
638887 
638888 
638889 
638890 
638891 
638892 
638893 
638894 
638895 
638896 
638897 
638898 
638899 
638900 
638901 
638902 
638903 
638904 
638905 
638906 
638907 
638908 
638909 
638910 
638911 
638912 
638913 
638914 
638915 
638916 
638917 
638918 
638919 
638920 
638921 
638922 
638923 
638924 
638925 
638926 
638927 
638928 
638929 
638930 
638931 
638932 
638933 
638934 
638935 
638936 
638937 
638938 
638939 
638940 
638941 
638942 
638943 
638944 
638945 
638946 
638947 
638948 
638949 
638950 
638951 
638952 
638953 
638954 
638955 
638956 
638957 
638958 
638959 
638960 
638961 
638962 
638963 
638964 
638965 
638966 
638967 
638968 
638969 
638970 
638971 
638972 
638973 
638974 
638975 
)

// ************************************************************************* //
