/*--------------------------------*- C++ -*----------------------------------*\
  =========                 |
  \\      /  F ield         | OpenFOAM: The Open Source CFD Toolbox
   \\    /   O peration     | Website:  https://openfoam.org
    \\  /    A nd           | Version:  8
     \\/     M anipulation  |
\*---------------------------------------------------------------------------*/
FoamFile
{
    version     2.0;
    format      binary;
    class       faceSet;
    location    "constant/polyMesh/sets";
    object      f0;
}
// * * * * * * * * * * * * * * * * * * * * * * * * * * * * * * * * * * * * * //


360
(
159234 
159235 
159236 
158724 
159237 
158725 
159238 
158726 
158214 
159239 
158727 
158215 
158728 
157704 
158216 
158729 
157705 
158217 
157706 
158218 
157707 
158219 
157708 
157709 
159264 
159265 
159266 
158754 
159267 
158755 
159268 
158756 
158244 
159269 
158757 
158245 
158758 
157734 
158246 
158759 
157735 
158247 
157736 
158248 
157737 
158249 
157738 
157739 
159294 
159295 
159296 
158784 
159297 
158785 
159298 
158786 
158274 
159299 
158787 
158275 
158788 
157764 
158276 
158789 
157765 
158277 
157766 
158278 
157767 
158279 
157768 
157769 
158814 
158815 
158816 
158304 
158817 
158305 
158818 
157794 
158306 
158819 
157795 
158307 
157796 
158308 
157797 
158309 
157798 
157799 
158844 
158845 
158846 
158334 
158847 
158335 
158848 
157824 
158336 
158849 
157825 
158337 
157826 
158338 
157827 
158339 
157828 
157829 
158874 
158875 
158876 
158364 
158877 
158365 
158878 
157854 
158366 
158879 
157855 
158367 
157856 
158368 
157857 
158369 
157858 
157859 
158904 
158905 
158906 
158394 
158907 
158395 
158908 
157884 
158396 
158909 
157885 
158397 
157886 
158398 
157887 
158399 
157888 
157889 
158934 
158935 
158936 
158424 
158937 
158425 
158938 
157914 
158426 
158939 
157915 
158427 
157916 
158428 
157917 
158429 
157918 
157919 
158964 
158965 
158966 
158454 
158967 
158455 
158968 
157944 
158456 
158969 
157945 
158457 
157946 
158458 
157947 
158459 
157948 
157949 
158994 
158995 
158996 
158484 
158997 
158485 
158998 
157974 
158486 
158999 
157975 
158487 
157976 
158488 
157977 
158489 
157978 
157979 
159024 
159025 
159026 
158514 
159027 
158515 
159028 
158004 
158516 
159029 
158005 
158517 
158006 
158518 
158007 
158519 
158008 
158009 
159054 
159055 
159056 
158544 
159057 
158545 
159058 
158546 
158034 
159059 
158547 
158035 
158548 
157524 
158036 
158549 
157525 
158037 
157526 
158038 
157527 
158039 
157528 
157529 
159084 
159085 
159086 
158574 
159087 
158575 
159088 
158576 
158064 
159089 
158577 
158065 
158578 
157554 
158066 
158579 
157555 
158067 
157556 
158068 
157557 
158069 
157558 
157559 
159114 
159115 
159116 
158604 
159117 
158605 
159118 
158606 
158094 
159119 
158607 
158095 
158608 
157584 
158096 
158609 
157585 
158097 
157586 
158098 
157587 
158099 
157588 
157589 
159144 
159145 
159146 
158634 
159147 
158635 
159148 
158636 
158124 
159149 
158637 
158125 
158638 
157614 
158126 
158639 
157615 
158127 
157616 
158128 
157617 
158129 
157618 
157619 
159174 
159175 
159176 
158664 
159177 
158665 
159178 
158666 
158154 
159179 
158667 
158155 
158668 
157644 
158156 
158669 
157645 
158157 
157646 
158158 
157647 
158159 
157648 
157649 
159204 
159205 
159206 
158694 
159207 
158695 
159208 
158696 
158184 
159209 
158697 
158185 
158698 
157674 
158186 
158699 
157675 
158187 
157676 
158188 
157677 
158189 
157678 
157679 
)

// ************************************************************************* //
