/*--------------------------------*- C++ -*----------------------------------*\
  =========                 |
  \\      /  F ield         | OpenFOAM: The Open Source CFD Toolbox
   \\    /   O peration     | Website:  https://openfoam.org
    \\  /    A nd           | Version:  8
     \\/     M anipulation  |
\*---------------------------------------------------------------------------*/
FoamFile
{
    version     2.0;
    format      binary;
    class       faceSet;
    location    "constant/polyMesh/sets";
    object      f0;
}
// * * * * * * * * * * * * * * * * * * * * * * * * * * * * * * * * * * * * * //


360
(
159240 
159241 
159242 
158730 
159243 
158731 
159244 
158732 
158220 
159245 
158733 
158221 
158734 
157710 
158222 
158735 
157711 
158223 
157712 
158224 
157713 
158225 
157714 
157715 
159270 
159271 
159272 
158760 
159273 
158761 
159274 
158762 
158250 
159275 
158763 
158251 
158764 
157740 
158252 
158765 
157741 
158253 
157742 
158254 
157743 
158255 
157744 
157745 
158790 
158791 
158792 
158280 
158793 
158281 
158794 
157770 
158282 
158795 
157771 
158283 
157772 
158284 
157773 
158285 
157774 
157775 
158820 
158821 
158822 
158310 
158823 
158311 
158824 
157800 
158312 
158825 
157801 
158313 
157802 
158314 
157803 
158315 
157804 
157805 
158850 
158851 
158852 
158340 
158853 
158341 
158854 
157830 
158342 
158855 
157831 
158343 
157832 
158344 
157833 
158345 
157834 
157835 
158880 
158881 
158882 
158370 
158883 
158371 
158884 
157860 
158372 
158885 
157861 
158373 
157862 
158374 
157863 
158375 
157864 
157865 
158910 
158911 
158912 
158400 
158913 
158401 
158914 
157890 
158402 
158915 
157891 
158403 
157892 
158404 
157893 
158405 
157894 
157895 
158940 
158941 
158942 
158430 
158943 
158431 
158944 
157920 
158432 
158945 
157921 
158433 
157922 
158434 
157923 
158435 
157924 
157925 
158970 
158971 
158972 
158460 
158973 
158461 
158974 
157950 
158462 
158975 
157951 
158463 
157952 
158464 
157953 
158465 
157954 
157955 
159000 
159001 
159002 
158490 
159003 
158491 
159004 
157980 
158492 
159005 
157981 
158493 
157982 
158494 
157983 
158495 
157984 
157985 
159030 
159031 
159032 
158520 
159033 
158521 
159034 
158522 
158010 
159035 
158523 
158011 
158524 
157500 
158012 
158525 
157501 
158013 
157502 
158014 
157503 
158015 
157504 
157505 
159060 
159061 
159062 
158550 
159063 
158551 
159064 
158552 
158040 
159065 
158553 
158041 
158554 
157530 
158042 
158555 
157531 
158043 
157532 
158044 
157533 
158045 
157534 
157535 
159090 
159091 
159092 
158580 
159093 
158581 
159094 
158582 
158070 
159095 
158583 
158071 
158584 
157560 
158072 
158585 
157561 
158073 
157562 
158074 
157563 
158075 
157564 
157565 
159120 
159121 
159122 
158610 
159123 
158611 
159124 
158612 
158100 
159125 
158613 
158101 
158614 
157590 
158102 
158615 
157591 
158103 
157592 
158104 
157593 
158105 
157594 
157595 
159150 
159151 
159152 
158640 
159153 
158641 
159154 
158642 
158130 
159155 
158643 
158131 
158644 
157620 
158132 
158645 
157621 
158133 
157622 
158134 
157623 
158135 
157624 
157625 
159180 
159181 
159182 
158670 
159183 
158671 
159184 
158672 
158160 
159185 
158673 
158161 
158674 
157650 
158162 
158675 
157651 
158163 
157652 
158164 
157653 
158165 
157654 
157655 
159210 
159211 
159212 
158700 
159213 
158701 
159214 
158702 
158190 
159215 
158703 
158191 
158704 
157680 
158192 
158705 
157681 
158193 
157682 
158194 
157683 
158195 
157684 
157685 
)

// ************************************************************************* //
